0.000000 0.000000 0.000000
0.508787 -0.549764 0.049103
1.039278 -0.766939 -0.970484
1.898995 1.537412 1.521971
2.576719 1.670654 -0.368088
3.382558 -0.683831 0.135749
3.913801 -1.115110 -1.189581
4.869696 -0.826494 -3.779469
4.936373 -0.629937 -4.698735
5.477891 -4.667545 -5.041193
5.759552 -5.832820 -3.224185
6.240452 -3.704296 -4.173362
6.925316 -5.493234 -4.573800
7.133574 -5.815777 -3.160171
7.741735 -6.423131 -1.058013
8.067911 -4.843097 2.159824
8.948759 -5.639422 1.162413
9.082153 -4.270883 0.559398
9.184561 -5.570001 0.621459
10.143678 -4.474496 -0.173427
10.296580 -4.781128 -1.365104
10.449118 -3.276566 -1.189242
10.604671 -3.759576 -0.834880
10.694240 -3.201187 -1.536414
11.148665 -2.861635 -2.263517
11.817560 0.157179 -1.972875
12.648862 -2.135775 -2.199306
13.439097 -1.243171 1.976142
14.151808 -1.168478 3.055121
14.624406 0.677279 3.837206
15.332994 -0.959847 3.534039
16.291053 -2.399612 5.080889
16.796829 0.049869 5.045997
17.101882 1.352517 4.185489
17.891693 1.669085 3.834804
18.128080 3.441451 4.154392
18.362383 4.272397 3.785103
18.827082 3.306900 4.386750
19.446469 1.866602 1.990363
20.061798 1.336677 4.795375
20.184422 1.029482 4.968288
20.308216 0.562375 3.355152
20.592675 0.562884 5.375011
21.328408 -0.072982 3.169051
21.739716 -1.493670 3.691323
22.568698 -2.349425 5.693884
23.503812 -2.945713 1.184341
23.902878 -3.566494 2.189979
23.955090 -3.042029 2.846500
24.526276 -1.350862 4.660478
25.273946 2.311214 7.627274
25.594189 2.533403 7.024798
26.087124 2.094218 8.127877
26.308776 3.366113 7.867261
27.248050 6.644237 6.296220
27.730356 5.921621 5.695321
28.270352 4.833929 7.124709
28.491409 4.637241 9.071278
28.587354 4.632996 10.363904
28.647519 3.300214 10.562352
29.467028 3.874052 14.479638
30.238506 4.388085 17.973954
30.434202 6.260343 17.360350
31.329320 3.741438 19.175910
32.013620 2.233766 18.885219
32.670467 1.198559 19.067913
33.660848 2.525776 20.652771
33.694540 2.581449 20.264124
34.118793 1.347935 20.689850
34.608777 -2.070980 18.851584
35.192281 -4.745431 18.291427
35.275551 -4.432342 19.817284
35.935706 -4.439840 17.877595
35.988011 -4.671783 18.111928
36.544841 -2.966752 17.345926
37.256867 -2.975450 19.583445
37.744777 -2.625990 19.709010
38.362378 -3.207765 19.033114
38.576155 -2.113927 18.483447
39.221814 -2.198860 16.625937
39.602456 -1.365951 16.969693
39.706169 -1.047989 16.950303
40.083681 -2.067547 16.833090
40.346542 -3.539689 16.444913
40.587827 -1.005529 18.281741
41.210751 0.525946 19.054849
41.733679 1.862474 19.684666
42.146917 3.201794 21.417859
42.364709 2.136078 21.218555
43.223262 2.079824 20.068405
44.084271 0.017033 22.707875
44.368210 0.812739 21.622677
44.983603 -1.033792 22.372039
45.763092 -2.393694 20.006362
46.717939 -2.934390 18.160617
47.637543 -1.112557 23.106598
48.022358 -3.471968 24.268308
48.185001 -3.091025 23.508504
48.981753 -1.171618 21.735366
49.095570 -2.591546 20.887963
49.254394 -2.076324 21.253604
49.610222 -0.738939 21.908219
50.457981 1.855921 17.780644
51.040762 1.336125 17.160649
51.626940 1.237028 18.987650
52.552778 -0.218336 19.530818
53.127856 -3.458250 17.978649
53.137833 -3.248265 17.589239
53.947211 -0.402038 16.615377
54.556019 0.518768 14.563103
55.035933 1.688007 14.560918
55.304373 3.140880 13.927496
55.562469 2.305521 13.068596
56.043479 5.367940 12.557273
56.270820 3.652467 13.568602
56.319423 3.664767 13.393170
56.488664 4.140186 14.209559
56.747111 3.415865 14.335624
56.945021 3.106837 13.760552
57.550714 3.934368 15.015910
58.374417 1.153794 17.268817
59.185032 1.453442 16.793625
59.987269 -1.727959 16.278482
60.695383 -1.858846 16.473794
61.554761 -2.763666 18.393491
62.335845 0.335094 20.851170
62.539642 0.102366 21.189944
63.532985 1.008791 19.804195
63.626610 1.000931 19.400712
64.277228 1.124941 22.304629
64.492405 0.930940 21.546648
64.736278 2.451975 22.510733
65.075966 1.767250 21.550246
65.273828 3.170585 21.581449
65.780662 3.465493 22.137473
66.731419 2.093946 24.511585
67.126027 5.399275 21.017067
67.710492 5.737693 22.633144
68.317029 4.351775 22.789416
69.031672 4.674247 21.655711
69.433208 5.675402 23.377065
70.291899 6.137941 24.143030
71.212384 4.965517 26.542555
71.963223 4.790611 27.396360
72.248815 6.194419 27.041167
73.045630 5.806825 27.221920
73.188396 5.618150 26.149822
73.692946 6.384360 23.860210
74.303634 5.852356 21.399173
75.007431 8.293737 21.559357
75.390771 8.956824 21.195472
76.119454 11.985742 20.424362
77.006739 14.411553 22.853169
77.062587 14.133811 23.080056
77.200804 14.239056 24.838275
78.063869 12.173728 21.546635
78.485615 12.625129 20.138621
78.896929 11.780245 20.613921
79.856071 8.937625 22.960853
80.606316 9.753809 25.715787
81.587313 9.063146 27.737890
81.820829 7.854113 27.998122
81.917056 8.633361 27.548499
82.301638 8.754518 29.815293
82.801911 7.513766 28.059135
83.372166 9.090238 28.019475
84.348798 6.657972 26.044566
84.841653 7.201545 26.428985
85.242536 6.703790 26.753282
86.237526 7.962734 25.122887
86.498524 7.597452 24.293924
87.163849 10.041281 21.961712
88.128106 13.585429 20.710647
88.799257 13.581708 22.464736
89.098432 14.484059 22.047190
89.629558 15.932095 20.124699
89.631021 16.050256 20.223955
90.514810 16.089172 21.072989
90.919194 17.481974 20.606967
91.220399 18.151300 21.450300
92.170981 18.962197 18.353374
92.631629 18.452775 15.354142
92.919277 17.993442 14.406893
93.003903 17.930969 14.652391
93.586085 19.347088 14.408129
93.739153 19.382207 15.294589
93.812248 20.166126 15.426133
94.392813 21.633506 14.182551
94.679827 23.532995 13.388586
95.041747 22.500497 14.112478
95.766572 22.376122 11.092254
96.624884 24.608213 12.532447
96.972799 26.781317 12.921321
97.934545 28.327260 10.396327
98.888114 32.387475 15.574501
99.094151 32.000443 14.869311
99.862401 33.960563 12.644273
100.477931 34.230044 12.407757
101.396851 36.001929 8.187527
101.999391 36.216181 8.642138
102.701531 32.897709 8.344522
103.445201 34.110954 5.884442
103.830301 33.694610 6.157596
104.081811 33.108589 7.921747
104.118571 33.438459 7.673623
104.590691 33.947974 9.407970
105.235761 34.393758 10.408163
105.514731 35.153331 11.281121
106.032591 33.024861 10.192071
106.278261 32.633755 8.421638
106.575771 30.923949 8.857840
107.226241 31.571218 10.525292
108.117631 32.343051 8.906497
108.978741 32.310425 7.419752
109.188661 33.198818 5.871801
109.587751 34.412882 6.575418
110.475631 36.041784 5.356274
110.732161 36.265043 5.309801
111.698961 32.943232 6.375666
112.318121 33.721972 5.068184
112.483471 34.849464 3.463253
113.309661 34.014124 2.668896
113.965361 32.721831 1.466723
114.511811 33.520286 0.022378
114.763141 33.597501 -0.454185
114.803301 33.539984 0.411675
115.036671 32.954658 1.368234
115.397781 33.005543 1.410533
116.031241 29.619498 3.227187
117.017341 29.962613 2.263467
117.224491 30.000704 2.152526
117.981581 33.565116 -0.000971
118.867911 32.383007 0.552274
119.340141 35.232121 0.947697
119.499051 36.222572 1.618571
120.309971 37.670244 4.211166
120.786481 41.206866 4.438970
120.902771 40.985719 4.581725
121.778491 40.351308 -0.254789
122.413671 40.144671 0.044320
122.510951 39.889203 -0.106934
123.419391 42.523926 0.068936
123.454411 42.511416 -0.207788
123.494161 42.262990 -0.252772
124.482731 42.547403 0.611204
125.168911 45.576315 3.123929
125.545601 43.933298 5.534649
126.049921 42.368364 9.617633
126.813421 42.757739 8.760431
126.862291 41.758524 8.563692
127.588221 44.696556 7.777508
128.289551 43.852349 5.318762
128.748441 42.074157 4.442199
129.330731 42.688478 0.923315
129.669821 43.557436 0.296860
129.840451 44.300353 0.292846
130.239641 43.674922 1.003144
131.159421 44.758225 5.346019
131.385461 43.374888 4.599675
131.746471 41.731169 3.833704
132.071031 41.087350 3.271371
132.154621 40.784207 2.941426
132.667281 40.404550 3.627048
133.500151 42.677263 2.882289
134.404761 46.563749 4.738426
135.128361 48.883679 2.873988
135.511351 46.353783 3.326422
135.809371 46.774101 1.250929
136.501081 44.010792 1.905666
137.381541 46.185433 4.751500
138.306091 44.211116 6.051472
138.387341 44.602629 6.031028
138.870011 42.968547 4.315222
138.998281 43.561574 2.968176
139.251191 43.229918 3.126143
140.135151 45.527703 2.371090
140.331431 44.148238 2.715875
140.452781 43.587656 4.100449
140.996471 42.156611 4.382399
141.311101 44.718278 5.704500
141.693141 44.694899 6.366755
142.484681 49.474911 9.153191
143.323851 46.753831 9.531557
144.004091 48.717668 6.700943
144.421011 49.134456 6.602527
145.063901 49.651477 5.159115
145.277981 47.761269 4.049571
145.895261 51.055084 3.821654
146.570451 49.306763 6.518666
147.171471 50.899849 5.023335
147.517781 52.314359 6.484486
147.882181 51.269926 7.213233
148.053661 50.926634 8.371427
148.849021 48.409831 7.556731
149.341691 49.698062 7.431903
149.696311 50.465577 9.745589
150.471371 49.626256 7.588371
150.708181 51.326223 7.112424
151.553011 51.980385 5.916329
152.369541 48.810550 4.002187
153.215771 51.509789 3.148251
153.585951 51.305467 3.556449
153.969181 52.934477 3.767405
154.830521 52.398047 1.998312
155.294431 53.285677 -1.182191
155.864981 51.301126 0.061466
156.560281 52.134335 -2.319261
157.521201 53.311442 -1.290214
158.067511 51.354094 -1.408843
158.704091 54.212323 -2.289316
159.274981 51.935623 -2.021097
160.202091 50.729590 -2.793402
161.065861 51.581984 -2.907355
161.235701 51.230478 -3.858111
161.414401 50.455137 -4.825583
161.657901 49.787390 -2.882998
162.409681 50.073660 -3.948080
162.608821 49.946072 -3.703283
163.591761 50.558105 -2.996714
164.301401 52.612317 -3.644472
164.476831 52.944912 -4.223854
165.335131 49.093928 -5.408672
166.244541 52.117599 -6.164804
167.206201 54.358364 -4.845142
167.776801 53.349559 -1.613328
168.339681 54.814842 -0.099149
168.516341 53.959929 -0.707299
169.030021 54.995932 1.215451
169.578501 54.952247 4.050428
169.743771 54.836070 4.703182
170.237671 54.841360 6.422274
170.772781 54.306350 6.370937
170.971591 52.802539 6.672288
171.594761 52.960938 7.604469
171.621071 53.083615 7.361678
171.939871 53.921976 10.657052
172.472861 52.874798 12.178991
172.799641 52.136280 11.017814
173.401831 50.187966 12.016198
173.763761 50.232688 13.191531
173.898681 50.076621 12.226156
174.812501 49.652644 12.068475
175.453051 50.748617 9.902241
176.111831 47.403520 10.734994
176.787161 45.976565 9.833165
177.531721 47.038503 9.868537
178.373891 47.376935 12.298781
178.890551 49.090123 12.304555
179.042421 48.626823 11.264284
179.423081 49.062454 14.455426
180.244101 51.183944 14.911213
180.415471 50.167686 13.776499
180.745441 49.486882 8.969759
181.711921 50.404412 11.703287
182.518211 50.626448 11.046552
182.740401 52.052415 10.595706
183.740171 50.757045 12.665999
183.803911 50.760156 12.307811
184.229391 52.012082 11.606566
184.633731 54.130239 10.711659
185.034021 53.289959 9.822226
185.145941 53.556461 10.798525
185.570261 54.089086 11.923100
186.183801 56.287781 11.698322
187.171861 58.396267 11.421599
187.391761 60.598207 11.694524
187.745841 59.872411 11.828154
188.012091 59.026801 10.069610
188.303581 59.449078 10.350733
188.491971 60.083812 9.530671
188.514831 59.811619 9.364758
188.964241 58.304054 13.399116
189.207881 58.714123 12.678246
190.076601 59.598471 15.240753
190.605221 60.700072 16.730994
191.519351 61.727864 13.508848
192.493281 60.050986 15.847633
193.078711 59.712085 16.291097
193.197681 60.140089 15.503292
194.124211 60.549280 14.567470
194.717781 58.009687 15.244905
195.601391 56.235494 14.187986
196.025871 54.284467 13.309565
196.633121 55.050349 16.047906
196.703891 54.377275 16.253311
197.628661 55.502724 18.498164
198.270741 57.760105 16.516696
198.375241 57.804468 17.406291
199.075461 58.824431 20.025827
199.471271 60.535759 23.323030
199.556171 58.828670 23.106812
199.770651 58.477993 21.632558
200.019451 57.896634 23.218839
200.246101 57.959755 24.241429
200.949111 61.024943 23.697222
201.703261 60.229530 21.139579
202.250551 59.770821 19.957322
202.804031 59.406027 19.582052
203.434601 58.112722 17.549519
204.420061 57.274351 17.581984
205.054341 55.679304 18.209266
205.654791 55.429572 17.757625
206.563981 57.373496 22.674682
207.134821 58.805533 23.760465
207.470241 58.811646 23.928542
208.427381 60.083594 22.718830
208.867301 57.869965 23.355250
209.468841 56.652735 24.038064
210.189111 55.076605 21.659439
210.867881 52.491133 22.177298
211.080641 54.507054 22.384031
211.162271 54.820407 22.475902
211.436751 55.089963 25.247041
212.304261 53.462824 24.916124
212.863621 52.336140 26.110269
213.328251 52.725096 25.611461
213.758551 53.813619 24.136293
214.532541 54.048545 24.530605
215.186461 56.894389 25.504554
215.844191 56.954344 23.071348
216.005211 55.634533 23.601307
216.437581 54.605028 23.246676
216.942671 53.223386 23.535272
217.318001 53.535561 25.925387
217.798371 56.352891 27.570699
218.140801 57.771259 26.040212
218.917941 60.286097 24.184160
219.301891 58.069996 28.571128
220.013441 58.671069 27.320692
220.494381 58.683359 27.427704
221.223561 54.730797 26.061416
222.161111 55.876844 26.138365
222.678371 53.202595 25.347953
223.581441 52.883712 25.520778
223.799631 51.130243 25.787475
224.672851 54.325228 22.459440
224.755541 54.607375 23.323424
225.220951 55.187579 24.222016
225.242881 55.030278 24.160694
226.051161 52.729029 23.916427
226.230371 52.205922 23.293535
226.395761 53.522015 23.187086
226.577361 54.122280 23.544716
227.268801 52.235249 20.030808
227.482561 50.752979 20.316085
227.780671 50.385243 21.243340
228.549001 49.640539 18.651601
229.050151 49.793027 20.394511
229.959621 50.359019 19.997972
230.017471 50.132627 20.680010
230.454221 51.483749 20.045090
231.026481 49.206283 18.499792
231.591541 49.766563 16.663289
232.415361 48.981226 16.414800
232.541461 48.457338 15.918942
232.841581 48.180109 15.244171
232.843701 48.041848 15.320044
233.794811 46.036570 17.577174
234.561101 45.364378 16.974518
235.312411 47.875420 17.480553
235.451271 47.540222 16.791483
235.800591 46.856674 17.319999
235.951931 47.593585 17.361763
236.448651 46.816765 17.890394
237.257311 48.166434 17.042521
237.890181 50.733554 16.394516
238.578581 52.400116 18.191050
239.218151 52.501381 18.039645
239.947471 54.166580 14.595367
240.807311 54.236539 14.738723
241.434271 54.883821 13.172053
241.614861 53.543815 10.664958
242.188171 54.466718 12.490113
242.351731 54.064892 14.641833
243.257791 52.700614 11.850849
243.335131 52.610016 11.916632
243.673661 53.497776 12.074108
244.254281 52.196684 9.479113
244.729521 51.292305 7.376923
245.534841 52.744299 7.168979
246.065611 49.725611 7.764561
246.292921 48.742239 9.204187
247.002411 48.840552 9.635939
247.151041 48.161777 10.086816
247.809161 48.279510 10.478942
248.443141 47.709288 11.624432
248.672451 45.097478 11.801836
248.854681 46.098030 11.619837
249.021031 46.625294 11.076740
249.170631 46.774702 10.571664
249.373381 47.927566 11.044823
250.328341 50.934145 10.953573
250.344251 50.917418 11.041934
251.301761 54.086572 5.812166
251.327461 53.485670 6.266190
252.298571 57.658134 5.814964
252.596161 59.309552 8.462225
253.121241 59.616916 7.724135
253.983571 58.626041 7.192292
254.879981 60.316897 6.831018
255.068991 62.297443 6.500801
255.729711 60.996317 7.490509
256.670941 61.506793 8.493899
257.646651 56.881963 8.162582
257.754581 55.535006 8.298737
257.933481 56.258516 9.414357
258.680031 57.713276 10.349611
258.729501 58.098928 10.321432
258.800791 58.075942 10.930652
259.289911 59.776292 10.194344
260.139811 56.071336 5.462711
261.136851 52.448511 3.229792
261.141241 52.514774 3.114813
261.683851 52.374217 3.723248
262.545201 49.497457 1.958751
263.454341 47.899727 0.249285
264.299691 46.996671 1.867653
265.178561 45.932873 3.323118
265.924741 46.590234 3.693698
266.042231 47.337548 5.334026
266.551251 49.678444 2.806953
266.720081 50.165317 1.661376
267.551201 46.066271 -0.806676
268.479211 41.366261 -3.243532
268.648691 42.612967 -3.682164
269.532431 48.248024 -2.860641
269.920291 49.646184 -3.063951
270.302861 49.259511 -4.147393
270.574311 49.446865 -5.875038
271.442201 47.676069 -8.102368
272.183701 48.000203 -5.183514
272.631571 51.228837 -7.810835
273.341211 51.881993 -9.042943
274.285541 49.532009 -8.818305
274.459661 49.091734 -8.770608
274.704261 49.941613 -9.805142
275.345191 49.668238 -12.849040
276.153801 48.897618 -10.860720
277.007171 45.291639 -10.053364
277.405291 43.384127 -9.744388
277.520781 43.041944 -9.956046
277.601061 42.025776 -10.533268
277.961531 41.766642 -10.437038
278.790431 41.377165 -11.742460
279.005041 42.753388 -11.943901
279.796081 41.210309 -13.452675
280.450771 41.073531 -11.771860
280.476921 40.920020 -11.456729
281.262701 41.369024 -12.573320
282.185261 39.613838 -12.192430
282.677571 39.451724 -13.612304
283.511581 37.829619 -12.511365
283.642941 38.252382 -12.763728
284.402721 39.862572 -13.445791
285.328461 39.614075 -10.789150
286.161161 38.512380 -14.957749
286.420571 37.044524 -14.626512
286.633591 36.821817 -11.787016
287.155901 34.535002 -12.181117
287.553261 34.591737 -14.117576
288.032371 36.262055 -12.966152
289.026271 39.701464 -11.433499
289.630751 33.529487 -13.114724
290.575661 34.207195 -14.886359
291.066101 34.650940 -14.990085
291.504051 33.840768 -14.889377
292.276701 34.849029 -12.642596
293.020771 33.124773 -13.745440
293.463671 32.052365 -12.483664
293.516671 32.861925 -11.940198
293.604501 33.750552 -11.775015
294.402481 32.149160 -10.417231
295.058061 35.274771 -9.501010
295.090401 35.648400 -10.121638
295.647471 36.601453 -10.378523
296.367271 37.651176 -7.956329
296.477681 37.176096 -6.837429
296.694321 36.194224 -6.794931
297.505341 36.812350 -4.646640
297.644011 36.543281 -5.425897
298.525911 39.518001 -4.664391
299.449461 35.405694 -3.976909
299.462221 34.976224 -3.777169
299.839381 36.881140 -4.028167
300.007191 36.049051 -2.904298
300.547411 35.209707 -4.249462
300.649071 34.310114 -5.295836
300.688341 34.432313 -5.442834
301.621571 36.135538 -5.565300
302.593161 35.673373 -9.359544
302.954091 34.631639 -9.219256
303.598301 33.863238 -6.930902
303.666241 32.795753 -7.036516
303.874151 32.912573 -7.773024
303.913761 32.962414 -7.033770
304.383121 31.353296 -7.571295
304.533211 30.123940 -6.940679
305.524521 27.438867 -8.851301
305.951581 29.518187 -7.648061
306.906961 27.865936 -5.426301
307.631201 26.611707 -5.224536
308.212091 29.737921 -1.377772
308.752351 29.009574 -1.427096
309.457791 30.961076 -0.286137
309.462821 30.924125 -0.319353
310.245341 29.373298 -4.813384
311.172201 29.036068 -7.392086
311.180491 28.989645 -6.889387
312.005121 29.058452 -3.824213
312.772461 26.882847 -1.325692
313.769591 23.145893 -1.950729
313.997251 23.456096 -1.289145
314.916791 23.189649 -3.609679
315.558791 21.008004 -4.903529
315.664111 20.268423 -5.323756
315.932271 19.167782 -3.885539
316.696111 19.695274 -3.331564
317.501621 18.011537 -2.776038
317.605881 18.244747 -3.451853
318.075641 16.422247 -6.417292
318.294701 17.335686 -7.476576
319.217411 17.436075 -7.298061
319.537731 17.551514 -8.105740
320.395271 17.082812 -8.741262
320.655121 18.621106 -10.059125
321.533181 18.189657 -7.824685
321.721451 18.598188 -8.880493
322.480641 20.143504 -14.144547
322.512331 19.947427 -13.520500
323.154671 20.840729 -12.101843
323.721541 20.684237 -12.741958
324.097951 21.638949 -9.563236
324.310501 21.362258 -8.081820
325.102661 20.288954 -8.937737
325.248101 20.843881 -9.706981
325.737241 22.317485 -12.339403
325.750091 21.703985 -12.379679
325.936701 22.021669 -11.147702
326.421931 22.208066 -9.661073
327.260161 22.700547 -8.269991
327.401211 21.886961 -8.334158
328.133431 20.743152 -8.787613
328.824501 25.012288 -11.397733
328.858991 25.026481 -11.530998
329.347851 25.619616 -8.728286
330.319241 27.630220 -10.176025
330.431691 26.555128 -9.540168
331.174901 24.642611 -10.918988
331.813451 25.474106 -13.639321
332.407631 28.156507 -13.462095
332.906251 27.786889 -12.186572
333.474101 29.145367 -12.606428
333.900611 30.755121 -12.070038
333.976851 31.434276 -11.907365
334.267431 31.203937 -9.799468
334.828771 29.891821 -8.738853
335.462101 33.490690 -9.474411
336.392881 34.859781 -8.785044
337.370651 34.089784 -8.792903
337.464241 34.512406 -7.200007
338.125981 36.124798 -7.643993
338.728751 32.699362 -7.211613
339.202571 33.101055 -8.429847
339.558831 34.448158 -7.908170
340.034401 35.353183 -8.657891
340.705431 34.100569 -9.514071
341.665071 31.667859 -10.658689
341.754161 32.152953 -12.163905
342.551901 28.614012 -12.110800
343.142671 29.178588 -13.741540
344.054871 30.324239 -11.052715
344.156001 30.810440 -12.164427
344.449301 29.925742 -13.198374
344.500881 29.753697 -13.539306
345.005011 28.417505 -10.507027
345.773391 27.764862 -10.805794
346.056371 28.105491 -12.866284
346.281731 26.893638 -12.367518
346.613021 27.345887 -13.861784
347.066271 29.040463 -13.962254
347.803661 29.312528 -13.752415
348.313541 28.434391 -16.676408
348.696061 28.253394 -18.840696
349.601541 27.903021 -18.399510
350.566801 28.337920 -21.444985
351.195071 28.987675 -23.590393
351.327101 29.192159 -23.100292
351.945401 32.002586 -26.706157
352.328421 33.150179 -26.930559
353.319611 32.982523 -28.182584
353.606441 33.262936 -28.492293
354.312631 32.100228 -29.504379
354.847841 33.108377 -28.700147
355.041051 34.190155 -28.343416
355.730481 33.919280 -30.456981
355.780941 34.077387 -30.610970
355.965371 34.290107 -29.771113
356.011031 34.054625 -30.001537
356.896071 33.509381 -29.554316
357.735871 37.683349 -31.342999
357.854021 38.713244 -31.508584
358.264441 39.999486 -31.423054
358.384671 39.585293 -31.624020
358.956761 41.207027 -29.481518
359.906151 43.300853 -30.709813
360.162531 41.841619 -30.255942
361.152401 43.016221 -35.845635
361.502211 43.048266 -33.074230
361.710731 42.855857 -33.732004
362.376561 41.017094 -37.036266
363.349901 39.937358 -36.371295
363.972601 38.201242 -35.924051
364.036141 38.645373 -36.258456
364.409651 39.318010 -35.485674
364.575901 39.278982 -33.701915
364.807181 37.910912 -33.406121
364.859391 37.437416 -33.774886
365.761141 38.373776 -31.454246
366.554441 38.712552 -28.855511
366.927451 37.442294 -28.393697
367.759501 36.359443 -29.938458
368.513341 31.250439 -28.462613
369.135201 34.556409 -27.581585
369.529301 36.488399 -27.498792
369.888571 34.839274 -28.668161
369.977431 34.304273 -27.933394
370.319101 33.676416 -27.813875
370.867771 31.468312 -28.117086
371.328321 29.001096 -29.182998
371.973771 30.365492 -26.111677
372.487291 31.143351 -25.955865
373.301721 33.309141 -24.486756
373.398901 31.602090 -25.735616
373.862621 30.333152 -27.065846
374.452431 27.585091 -28.230604
374.639611 26.684272 -27.166251
375.250941 25.617835 -29.397146
375.302881 25.405699 -29.746218
375.878611 25.850495 -30.138630
376.720951 22.801845 -28.947662
377.220681 22.226545 -29.896133
377.659701 20.964528 -28.719912
377.808761 20.870489 -30.060454
377.837041 21.686769 -30.188942
378.593711 22.213999 -29.498774
379.389811 19.607314 -27.062439
379.683371 19.911548 -26.888400
379.798581 20.936641 -26.767652
380.173671 18.578018 -26.789645
381.002561 20.953779 -24.320971
381.844341 21.496777 -27.795227
382.509581 23.496452 -27.899884
383.469721 23.916898 -25.092553
384.412831 24.791501 -33.175486
384.525531 23.542593 -33.797043
385.173821 21.217750 -33.520746
385.654631 21.453362 -34.595412
385.721151 22.127809 -35.049913
386.618921 21.395604 -36.463881
387.116151 19.982103 -36.377763
387.887451 17.244257 -36.990846
387.947811 17.700415 -36.543777
388.210271 15.471084 -36.077859
388.861341 14.644763 -35.264976
388.994941 14.785440 -35.523316
389.633491 14.761646 -34.437103
390.018431 15.768890 -35.477178
390.784131 13.171720 -36.297118
391.437051 15.014666 -35.677719
391.818541 15.558819 -36.288903
392.118551 14.621053 -33.744990
392.458691 14.483906 -33.788348
393.377621 13.897234 -33.638913
393.833891 13.414644 -35.216108
394.276381 14.147868 -33.074505
394.730571 14.426458 -34.195908
395.675851 14.549135 -31.977737
395.894971 16.415562 -33.448615
396.777371 16.655038 -34.358719
396.797251 16.826719 -34.305469
397.139011 16.057252 -36.667862
397.905041 13.681022 -37.854632
398.247851 13.322690 -36.315343
398.866651 12.276846 -35.660941
399.319671 13.640134 -35.312282
399.329841 13.659249 -35.449910
399.928921 15.115341 -32.631223
400.530481 15.940073 -32.098244
401.179901 16.364202 -30.234940
401.522621 15.931042 -30.905424
402.015921 16.766338 -31.386756
402.717701 18.436900 -34.128871
403.605501 21.231416 -35.668210
403.660561 21.356579 -35.913697
403.758921 21.857000 -36.907775
404.408701 19.933230 -33.965453
405.172771 18.026761 -35.330451
406.160731 18.165265 -37.105625
406.286061 18.281397 -36.174767
406.650531 18.374118 -33.844488
407.326761 15.708349 -34.367887
407.702521 14.510309 -33.862787
408.565981 11.888803 -37.518889
408.857961 11.413314 -39.711920
408.991431 10.679625 -40.159028
409.664081 7.616264 -39.124847
409.866671 7.923845 -39.756035
410.735181 5.022370 -40.329720
411.486341 4.697079 -44.540859
411.905721 6.590307 -43.910183
411.905951 6.530704 -43.842948
412.055411 6.397967 -45.116659
412.329251 5.314387 -44.809261
413.201671 2.307275 -45.798291
413.802921 2.131279 -46.535127
414.124111 2.389377 -47.437431
414.408411 2.090698 -47.210036
414.843721 -1.184648 -50.040012
415.747481 -3.452985 -49.870263
416.672591 -3.016834 -51.442689
417.177881 -0.930740 -49.641796
417.805461 -1.244469 -43.750894
418.524721 -1.937242 -41.885992
418.548641 -1.959034 -42.482412
419.123571 1.228194 -44.285646
419.170101 1.263759 -43.359119
419.592641 2.197967 -42.819876
420.060371 1.975581 -42.444896
420.083001 2.611363 -42.599946
420.148071 2.484994 -42.859813
421.072031 1.599349 -43.230540
421.606171 2.610733 -43.086385
421.972971 1.580530 -40.849223
422.336911 0.407503 -41.294973
422.488291 0.477187 -42.758461
422.637901 -0.395563 -43.877342
422.988701 -3.924133 -41.052417
423.324661 -4.870731 -39.963631
424.108691 -4.836688 -41.931959
424.595431 -4.899697 -41.300545
425.060231 -6.641875 -39.474078
425.191481 -5.672316 -39.552963
426.077871 -4.378978 -42.118388
426.752431 -3.328724 -42.354031
427.587591 -0.041754 -44.309788
428.244081 3.602599 -44.273399
429.228001 4.590741 -41.058324
430.207791 7.031964 -42.996922
430.457941 6.008382 -44.020037
431.082511 7.907637 -44.259838
431.810751 7.059042 -44.102379
432.308921 8.693736 -44.353145
433.158751 9.331273 -49.125993
433.349671 8.679022 -50.168080
433.473811 8.175459 -50.768402
433.476601 8.125600 -50.826437
433.629561 8.700803 -49.570572
434.163721 6.192161 -46.705969
434.674351 8.242301 -46.556341
435.059571 10.435214 -46.216622
435.370161 9.163786 -44.811122
435.373721 9.461444 -44.914353
436.188961 7.439539 -42.616114
436.827381 7.396746 -45.052795
437.275721 9.247795 -45.283481
437.519801 8.369307 -45.925962
438.323191 7.371875 -44.047144
439.147161 5.026046 -43.094740
439.999351 7.099360 -44.869634
440.466601 7.610463 -47.396933
441.437301 9.145732 -49.869233
442.278541 10.799509 -48.980031
442.357091 10.541688 -49.907450
442.594691 11.993053 -49.741012
443.412261 15.384291 -49.723694
443.818091 12.851017 -47.316228
444.284401 12.406082 -45.904720
445.235941 10.830724 -44.570180
446.200951 12.664855 -42.344840
446.966231 13.641057 -42.424672
447.540761 13.885931 -41.912229
448.456691 12.305619 -40.734320
448.952121 10.630242 -43.733195
449.118131 10.781996 -43.553046
449.444131 11.063813 -41.289638
449.740571 12.564783 -39.020566
450.298871 12.932940 -37.502440
450.366341 12.589560 -37.636604
450.435321 11.563143 -37.595594
450.602111 12.409656 -38.561913
451.549541 11.925416 -40.137883
452.360631 10.297433 -38.320632
453.071091 10.424215 -36.926684
454.041331 11.298133 -34.865556
455.039761 6.254843 -37.149294
456.027211 5.872915 -36.376234
456.177301 6.867774 -36.930324
457.135781 5.543451 -37.554572
457.666241 6.675678 -37.381234
457.740331 7.360816 -37.851056
458.052151 7.874174 -37.367597
458.947321 4.396076 -36.740550
459.782091 7.950267 -39.187623
459.784431 7.881227 -39.297808
460.424641 9.901297 -40.293494
461.227831 11.406999 -43.589550
461.472961 9.389265 -42.485385
461.537081 9.725210 -42.326800
461.800231 10.834492 -42.249269
461.902951 10.934757 -42.876270
462.386671 10.949540 -44.587465
462.805551 9.660508 -45.278121
463.186841 9.852066 -43.065021
464.073611 10.647018 -42.209816
464.494161 11.434827 -40.464378
464.778011 12.126290 -40.388524
464.826191 11.913744 -40.095396
465.045361 10.151406 -40.051709
465.284531 11.182903 -40.300989
465.313791 11.403526 -40.235037
466.016101 12.499819 -41.159753
466.023741 12.826369 -41.082258
466.634661 13.072818 -43.163118
467.042751 12.796916 -45.228083
467.291701 12.474946 -46.599405
467.944161 12.359412 -46.324492
468.264431 11.746239 -44.258127
468.368111 12.731806 -43.240157
468.903671 13.698478 -41.963757
469.068541 13.101741 -41.844078
469.951981 10.742743 -41.339990
470.618441 12.827698 -43.349572
471.466181 12.397648 -46.367960
472.228841 13.581574 -43.964435
473.035851 15.878481 -46.024739
473.668811 14.617123 -46.206476
474.379231 13.872430 -47.200764
475.067901 9.187858 -46.019335
475.388841 8.890896 -45.140997
475.920491 9.322186 -49.997250
476.793691 8.692595 -48.354733
476.848231 9.238386 -48.520386
477.348631 10.061723 -48.143954
477.781391 11.417793 -45.255509
478.685671 9.479752 -40.790286
479.315861 9.860444 -42.208638
480.298891 8.063904 -41.947543
480.884091 8.300000 -41.244656
481.724731 9.995501 -40.503330
482.193541 8.426940 -41.559988
482.738771 7.173944 -42.534881
482.917871 7.510032 -42.212455
483.552331 7.104764 -43.991479
484.515291 6.389764 -42.681399
485.049301 6.177984 -40.327834
485.528921 4.910644 -39.872277
486.322581 7.204254 -41.585983
486.415301 7.166061 -42.413054
487.296101 5.212075 -45.450287
487.299971 5.081988 -45.399124
487.811501 4.697923 -44.466690
488.489961 6.590840 -43.798924
489.055711 7.895110 -42.529131
489.534171 11.541183 -41.357960
489.854681 9.652426 -40.983540
490.456261 10.809935 -39.348663
491.369421 12.555968 -40.399751
492.051931 12.607123 -39.762065
492.998671 13.076502 -35.347581
493.097761 11.947116 -34.745287
493.608791 13.843593 -35.689349
493.718911 14.211396 -35.755393
494.264181 12.505048 -35.589167
494.952961 15.600741 -36.329898
495.100381 16.139490 -37.292608
495.877941 14.322207 -39.735699
496.276991 12.295664 -41.067048
497.175291 10.389037 -42.003920
497.482331 8.352628 -42.631932
497.543391 7.924485 -43.070468
497.762861 7.592584 -41.842986
497.845691 7.589497 -41.572031
498.796081 11.045727 -40.079664
498.812461 11.082744 -39.768955
498.927121 12.771190 -40.160397
498.939531 12.982518 -40.363161
499.155761 11.684392 -41.067515
499.167191 11.666767 -41.536438
499.809641 8.801647 -41.638716
500.326631 9.767221 -40.375881
500.572171 10.251804 -40.575108
500.765921 10.773469 -38.121535
500.856791 12.105954 -38.161561
501.225231 14.025735 -39.003867
501.233021 14.094981 -38.975359
501.835721 15.420023 -41.084426
502.314581 16.385964 -40.823503
502.622701 16.794020 -42.100220
503.367141 16.034691 -45.079340
504.206491 14.531303 -47.066273
