1 2 4 5 1.33243 0.405858
1 3 4 6 2.60381 1.13772
1 4 4 7 1.99134 0.528132
1 5 4 8 5.73631 0.16446
1 6 4 9 7.37566 0.660824
1 7 4 10 8.47263 -0.161399
1 8 4 11 12.2031 0.0719162
1 9 4 12 13.6349 -0.506193
1 10 4 13 15.0519 0.129985
1 11 4 14 17.4858 0.242747
1 12 4 15 20.9478 -0.104934
1 13 4 16 19.2132 -0.145822
1 14 4 17 19.2427 -0.0595199
1 15 4 18 15.4973 0.146926
1 16 4 19 14.8205 0.198614
1 17 4 20 10.4843 0.0564385
1 18 4 21 8.13775 -0.121388
1 19 4 22 6.67 -0.395346
1 20 4 23 5.36467 -0.0544457
1 21 4 24 8.25189 -0.108877
1 22 4 25 6.54996 0.132867
1 23 4 26 10.1208 -0.100937
1 24 4 27 11.8263 0.166887
1 25 4 28 11.4988 0.461979
1 26 4 29 10.9054 -0.129187
1 27 4 30 8.87128 0.352245
1 28 4 31 10.9639 -0.0331797
1 29 4 32 13.2522 0.00963283
1 30 4 33 9.22929 -0.649614
1 31 4 34 14.7187 0.0192238
1 32 4 35 12.4754 -0.414273
1 33 4 36 15.1342 -0.446198
1 34 4 37 15.5126 -0.715738
1 35 4 38 14.1775 -0.258044
1 36 4 39 11.0128 0.232428
1 37 4 40 8.94479 -0.657771
1 38 4 41 5.12734 -0.740462
1 39 4 42 2.40354 1.03728
1 40 4 43 2.44588 -0.293416
1 41 4 44 4.79195 -0.0864999
1 42 4 45 2.25734 0.452869
1 43 4 46 9.33447 0.0656233
1 44 4 47 9.83554 -0.0811084
1 45 4 48 10.6324 -0.346699
1 46 4 49 10.2908 -0.309278
1 47 4 50 6.98908 -0.0789193
1 48 4 51 5.91142 0.293764
1 49 4 52 8.53107 0.177803
1 50 4 53 7.65084 0.381221
1 51 4 54 2.14929 1.32041
1 52 4 55 3.68234 0.118685
1 53 4 56 8.16824 0.0520411
2 3 5 6 1.29087 7.74073
2 4 5 7 2.83832 5.20151
2 5 5 8 6.12322 3.37597
2 6 5 9 7.1749 1.57797
2 7 5 10 9.58712 0.496665
2 8 5 11 13.4575 -0.532808
2 9 5 12 15.3519 -0.287599
2 10 5 13 17.7931 -0.997508
2 11 5 14 19.6275 0.645774
2 12 5 15 22.4981 -1.0811
2 13 5 16 20.6787 -1.04123
2 14 5 17 20.0131 -1.2482
2 15 5 18 16.4386 -1.14681
2 16 5 19 15.6134 -1.30363
2 17 5 20 11.537 -0.806858
2 18 5 21 8.67027 0.504903
2 19 5 22 5.4955 -0.465772
2 20 5 23 2.34757 1.00059
2 21 5 24 5.25604 0.19508
2 22 5 25 2.78285 -0.975448
2 23 5 26 6.55714 -1.00231
2 24 5 27 8.14789 -0.999484
2 25 5 28 7.38418 -0.850432
2 26 5 29 7.75841 -1.04139
2 27 5 30 7.84547 3.00269
2 28 5 31 8.9224 -1.03436
2 29 5 32 12.4057 -1.12889
2 30 5 33 9.63356 -0.60502
2 31 5 34 14.9026 -1.23015
2 32 5 35 13.5108 -0.597115
2 33 5 36 16.3828 -1.05976
2 34 5 37 17.1247 -0.577108
2 35 5 38 16.7118 -0.377241
2 36 5 39 14.092 -1.16402
2 37 5 40 11.6332 -0.804869
2 38 5 41 8.47966 -0.424839
2 39 5 42 5.84846 -0.620252
2 40 5 43 3.269 0.917837
2 41 5 44 6.79104 -1.01249
2 42 5 45 4.58041 1.6062
2 43 5 46 12.0636 -0.988518
2 44 5 47 11.4878 -0.14804
2 45 5 48 10.9015 -0.992999
2 46 5 49 10.6982 -0.974095
2 47 5 50 8.04673 -0.58242
2 48 5 51 6.02241 2.55791
2 49 5 52 7.62052 -0.807475
2 50 5 53 7.58533 -0.735817
2 51 5 54 3.52895 -0.724734
2 52 5 55 2.04305 2.41455
2 53 5 56 5.68643 -0.137205
3 4 6 7 1.32418 3.62913
3 5 6 8 3.51023 1.75301
3 6 6 9 6.79526 0.831943
3 7 6 10 9.38946 0.443643
3 8 6 11 12.7601 0.381586
3 9 6 12 14.5252 -0.624648
3 10 6 13 17.2394 0.0716789
3 11 6 14 19.5785 -0.641399
3 12 6 15 22.1637 0.131437
3 13 6 16 21.3409 -0.354647
3 14 6 17 20.8246 -0.272773
3 15 6 18 18.0106 -0.0443183
3 16 6 19 17.827 -0.237426
3 17 6 20 13.9705 -0.375019
3 18 6 21 11.2058 -0.862737
3 19 6 22 6.73893 -0.361964
3 20 6 23 3.70363 -0.372009
3 21 6 24 5.91323 -0.522915
3 22 6 25 2.53985 0.768404
3 23 6 26 5.95612 -0.00326185
3 24 6 27 8.06871 0.0413005
3 25 6 28 7.25968 0.524344
3 26 6 29 9.12616 0.278541
3 27 6 30 9.83603 -0.545676
3 28 6 31 10.68 0.285765
3 29 6 32 13.936 -0.112044
3 30 6 33 11.5663 -0.726061
3 31 6 34 15.3315 -0.0822697
3 32 6 35 14.8499 -0.472642
3 33 6 36 16.85 -0.550773
3 34 6 37 18.2596 -0.535344
3 35 6 38 17.3565 -0.50411
3 36 6 39 14.6292 -0.0171208
3 37 6 40 13.2987 -0.668457
3 38 6 41 9.04739 -0.637969
3 39 6 42 7.4631 -0.417247
3 40 6 43 4.38492 -0.709885
3 41 6 44 9.38303 -0.974466
3 42 6 45 7.65269 -0.761324
3 43 6 46 15.1587 -0.0671019
3 44 6 47 14.5381 -0.43922
3 45 6 48 14.1755 0.20299
3 46 6 49 14.8488 -0.0998859
3 47 6 50 12.3185 0.0182622
3 48 6 51 9.82358 -0.881509
3 49 6 52 11.1144 -0.132
3 50 6 53 12.3531 0.272332
3 51 6 54 8.10487 0.241061
3 52 6 55 5.97459 -0.767135
3 53 6 56 7.68815 0.211007
4 5 7 8 1.30545 3.14988
4 6 7 9 3.83633 1.80772
4 7 7 10 5.29854 1.05071
4 8 7 11 9.3921 0.15114
4 9 7 12 10.5956 0.0589684
4 10 7 13 12.4767 -0.184855
4 11 7 14 14.8752 -1.14785
4 12 7 15 18.3465 -0.172032
4 13 7 16 17.2145 -0.526858
4 14 7 17 17.3521 -0.292995
4 15 7 18 14.5129 -0.488392
4 16 7 19 14.6591 -0.314903
4 17 7 20 10.5962 -0.010043
4 18 7 21 8.92074 -0.533762
4 19 7 22 4.12053 -0.413915
4 20 7 23 4.45845 -0.828846
4 21 7 24 5.57079 -0.719132
4 22 7 25 5.43567 0.400505
4 23 7 26 7.80028 0.176719
4 24 7 27 9.53754 -0.601449
4 25 7 28 10.1587 -0.160284
4 26 7 29 9.44773 -0.270895
4 27 7 30 9.3208 -0.708958
4 28 7 31 9.23465 -0.408121
4 29 7 32 11.0621 -0.0741141
4 30 7 33 7.99551 -0.335027
4 31 7 34 12.0833 -0.290128
4 32 7 35 10.1956 -0.429622
4 33 7 36 12.5934 -0.342653
4 34 7 37 13.3763 -0.225919
4 35 7 38 11.8566 -0.589472
4 36 7 39 8.82054 -0.286712
4 37 7 40 7.11655 -0.198226
4 38 7 41 2.91723 0.431645
4 39 7 42 3.16375 0.659154
4 40 7 43 1.95119 -0.259879
4 41 7 44 5.71542 0.130715
4 42 7 45 6.79795 0.687407
4 43 7 46 12.3619 -0.316955
4 44 7 47 13.6375 -0.34814
4 45 7 48 13.5955 -0.290667
4 46 7 49 15.4112 0.0204631
4 47 7 50 12.3509 -0.4309
4 48 7 51 9.50399 -0.898019
4 49 7 52 12.5326 -0.0168091
4 50 7 53 13.5604 -0.354777
4 51 7 54 8.83237 -0.275221
4 52 7 55 6.94746 -0.526545
4 53 7 56 10.9973 -0.0677973
5 6 8 9 1.3324 3.66885
5 7 8 10 3.57061 1.76882
5 8 8 11 6.66603 0.978826
5 9 8 12 8.41634 -0.297743
5 10 8 13 11.5697 -0.0240594
5 11 8 14 13.5431 -0.832925
5 12 8 15 15.9737 0.35371
5 13 8 16 15.3936 -0.0610728
5 14 8 17 15.1228 0.168891
5 15 8 18 12.9281 0.0963089
5 16 8 19 13.09 -0.163224
5 17 8 20 10.0713 -0.0769026
5 18 8 21 8.99848 -0.806429
5 19 8 22 4.1893 -0.824356
5 20 8 23 5.40307 -0.209109
5 21 8 24 5.34728 -0.331584
5 22 8 25 5.9618 0.162541
5 23 8 26 7.43702 0.334266
5 24 8 27 9.05803 -0.0541767
5 25 8 28 10.2883 0.0146505
5 26 8 29 9.72035 -0.230283
5 27 8 30 9.92633 -0.297336
5 28 8 31 8.80956 0.0339079
5 29 8 32 9.88763 -0.228585
5 30 8 33 6.92257 -0.824032
5 31 8 34 9.70223 -0.369194
5 32 8 35 9.14208 -0.482047
5 33 8 36 10.8572 -0.237625
5 34 8 37 12.5451 -0.434178
5 35 8 38 11.7818 -0.523725
5 36 8 39 9.64765 0.102062
5 37 8 40 8.88625 -0.732277
5 38 8 41 4.75438 -0.771392
5 39 8 42 7.29818 -0.161818
5 40 8 43 4.07179 -0.481539
5 41 8 44 6.91521 -0.510042
5 42 8 45 8.75102 -0.51006
5 43 8 46 13.6697 -0.0800326
5 44 8 47 14.7356 -0.241071
5 45 8 48 14.5107 -0.236466
5 46 8 49 17.2755 -0.0442333
5 47 8 50 14.558 -0.236363
5 48 8 51 10.8507 -0.489772
5 49 8 52 14.1874 -0.187905
5 50 8 53 16.4847 -0.165816
5 51 8 54 12.3717 -0.252858
5 52 8 55 10.1668 -0.591273
5 53 8 56 13.4135 -0.213412
6 7 9 10 1.30632 3.17249
6 8 9 11 3.76615 1.57458
6 9 9 12 6.01043 0.411565
6 10 9 13 9.98573 0.107945
6 11 9 14 11.3042 -1.05155
6 12 9 15 13.2875 -0.389885
6 13 9 16 11.7999 -0.051741
6 14 9 17 11.0178 -0.0483959
6 15 9 18 8.64706 -0.376705
6 16 9 19 8.66838 -0.128647
6 17 9 20 6.19301 -0.170572
6 18 9 21 5.66311 -0.617299
6 19 9 22 2.63313 3.22902
6 20 9 23 5.00159 -0.623311
6 21 9 24 4.71399 -0.39142
6 22 9 25 6.23766 0.197893
6 23 9 26 7.649 -0.0523292
6 24 9 27 8.68729 0.141848
6 25 9 28 9.96549 -0.540355
6 26 9 29 8.53212 0.0192965
6 27 9 30 8.13864 -0.902496
6 28 9 31 5.95995 0.0669717
6 29 9 32 5.73327 -6.53191e-05
6 30 9 33 2.73687 -0.0316529
6 31 9 34 5.59217 0.333471
6 32 9 35 6.0577 -0.540829
6 33 9 36 8.08708 -0.444255
6 34 9 37 9.90998 -0.579772
6 35 9 38 10.1024 -0.870558
6 36 9 39 8.83522 -0.0796745
6 37 9 40 7.59987 -0.57904
6 38 9 41 5.10958 -0.293346
6 39 9 42 7.24437 -0.0732039
6 40 9 43 3.91488 -0.669677
6 41 9 44 5.18275 0.076694
6 42 9 45 7.23674 -0.790584
6 43 9 46 11.0438 -0.265934
6 44 9 47 11.775 -0.420972
6 45 9 48 11.3773 -0.133767
6 46 9 49 14.3681 -0.568479
6 47 9 50 12.7482 -0.254512
6 48 9 51 8.71519 -0.794225
6 49 9 52 12.4692 0.0841933
6 50 9 53 14.9256 -0.200966
6 51 9 54 12.32 -0.494921
6 52 9 55 10.4453 -0.807329
6 53 9 56 13.3076 -0.0016569
7 8 10 11 1.28783 3.60085
7 9 10 12 2.59282 1.7141
7 10 10 13 2.91284 0.792092
7 11 10 14 6.40702 -0.401154
7 12 10 15 9.62215 0.146363
7 13 10 16 9.41721 -0.0593197
7 14 10 17 9.61233 0.0393162
7 15 10 18 8.08322 -0.0377564
7 16 10 19 9.34627 0.0500386
7 17 10 20 6.79037 -0.206355
7 18 10 21 7.28504 -0.552898
7 19 10 22 5.1028 -0.365031
7 20 10 23 7.79875 -0.565164
7 21 10 24 9.59445 -0.503373
7 22 10 25 10.8051 -0.149084
7 23 10 26 12.8723 0.240718
7 24 10 27 13.9542 -0.385046
7 25 10 28 14.8257 -0.328174
7 26 10 29 12.4528 -0.0438031
7 27 10 30 11.3554 -0.819619
7 28 10 31 9.24903 -0.383321
7 29 10 32 9.0941 0.17868
7 30 10 33 2.48409 -0.236919
7 31 10 34 5.10443 0.108039
7 32 10 35 2.92006 0.127519
7 33 10 36 4.54004 -0.133713
7 34 10 37 6.17985 -0.0865419
7 35 10 38 4.18061 -0.387041
7 36 10 39 2.48765 0.515946
7 37 10 40 3.16821 0.821558
7 38 10 41 2.17679 0.4023
7 39 10 42 6.01817 -0.414251
7 40 10 43 4.25307 -0.415613
7 41 10 44 4.00075 -0.238999
7 42 10 45 7.81372 -0.801821
7 43 10 46 11.4098 -0.295664
7 44 10 47 12.9383 -0.476973
7 45 10 48 13.6009 -0.422375
7 46 10 49 16.368 -0.159221
7 47 10 50 13.5289 -0.379966
7 48 10 51 10.9651 -0.975668
7 49 10 52 14.5773 -0.385754
7 50 10 53 16.6551 -0.329159
7 51 10 54 13.058 -0.240754
7 52 10 55 11.5255 -0.69409
7 53 10 56 15.705 -0.118833
8 9 11 12 1.29211 3.2783
8 10 11 13 4.47048 0.782357
8 11 11 14 3.98507 -0.440939
8 12 11 15 5.47396 0.566734
8 13 11 16 4.9445 0.118456
8 14 11 17 5.40768 0.566167
8 15 11 18 5.65899 0.234536
8 16 11 19 7.04607 0.508308
8 17 11 20 6.55979 -0.280262
8 18 11 21 9.40972 -0.647965
8 19 11 22 7.92878 -0.192213
8 20 11 23 11.4169 -0.329387
8 21 11 24 12.5323 -0.058495
8 22 11 25 13.99 0.0425682
8 23 11 26 15.5086 -0.0379543
8 24 11 27 16.4847 -0.0330074
8 25 11 28 17.8057 -0.155947
8 26 11 29 15.262 -0.165344
8 27 11 30 14.0097 -0.633145
8 28 11 31 10.3839 0.0926086
8 29 11 32 8.16823 0.391751
8 30 11 33 2.45983 -0.460065
8 31 11 34 1.62128 0.430191
8 32 11 35 2.32507 -0.300733
8 33 11 36 1.83522 0.522453
8 34 11 37 3.95006 -0.204589
8 35 11 38 4.27324 -0.219628
8 36 11 39 5.7838 0.00400473
8 37 11 40 5.46774 -0.0233464
8 38 11 41 6.28992 -0.347975
8 39 11 42 9.90053 -0.125751
8 40 11 43 7.89809 -0.773094
8 41 11 44 5.57458 -0.250675
8 42 11 45 9.72299 -1.06891
8 43 11 46 11.9182 0.00994518
8 44 11 47 14.2562 -0.220569
8 45 11 48 15.4886 -0.156224
8 46 11 49 18.2936 -0.0475986
8 47 11 50 15.9774 -0.125896
8 48 11 51 13.7823 -1.05826
8 49 11 52 17.5366 -0.404759
8 50 11 53 19.6495 -0.121229
8 51 11 54 16.6852 -0.274684
8 52 11 55 15.382 -0.941837
8 53 11 56 19.4234 0.0432304
9 10 12 13 1.34339 2.62104
9 11 12 14 2.94414 0.708108
9 12 12 15 5.25824 0.163608
9 13 12 16 6.95899 0.321412
9 14 12 17 9.07142 -0.231242
9 15 12 18 8.33197 0.0700531
9 16 12 19 11.0405 -0.345489
9 17 12 20 9.29869 0.171024
9 18 12 21 12.122 -0.262399
9 19 12 22 10.5683 -0.456456
9 20 12 23 13.7802 -0.513198
9 21 12 24 14.9756 -0.444084
9 22 12 25 16.2863 -0.437115
9 23 12 26 17.9284 -0.327351
9 24 12 27 19.0325 -0.629998
9 25 12 28 20.2717 -0.498365
9 26 12 29 18.0191 -0.287528
9 27 12 30 16.9948 -0.296098
9 28 12 31 13.8957 -0.578972
9 29 12 32 12.4512 -0.174976
9 30 12 33 5.34032 1.19057
9 31 12 34 5.81949 -0.2097
9 32 12 35 3.90722 1.46555
9 33 12 36 3.94771 0.160082
9 34 12 37 5.40842 1.25696
9 35 12 38 3.15948 -0.551606
9 36 12 39 3.59283 -0.224389
9 37 12 40 5.18629 1.52226
9 38 12 41 5.1937 0.800134
9 39 12 42 10.4776 -0.4996
9 40 12 43 9.94175 -0.0758298
9 41 12 44 6.91128 0.769784
9 42 12 45 12.2176 -0.46953
9 43 12 46 13.1597 -0.515132
9 44 12 47 16.8339 -0.461814
9 45 12 48 18.3877 -0.486571
9 46 12 49 21.1061 -0.505351
9 47 12 50 18.2102 -0.372133
9 48 12 51 16.4022 -0.511602
9 49 12 52 20.1181 -0.526316
9 50 12 53 22.0715 -0.376265
9 51 12 54 18.2694 -0.429652
9 52 12 55 17.4114 -0.417756
9 53 12 56 21.6649 -0.445745
10 11 13 14 1.29127 2.2622
10 12 13 15 1.97333 1.90901
10 13 13 16 5.98007 1.17509
10 14 13 17 9.7639 0.611921
10 15 13 18 8.99916 0.170171
10 16 13 19 13.4359 0.146107
10 17 13 20 10.5895 -0.265807
10 18 13 21 14.9137 -0.319024
10 19 13 22 13.9971 -0.315523
10 20 13 23 16.9444 -0.440594
10 21 13 24 18.8053 -0.2249
10 22 13 25 19.8419 0.343531
10 23 13 26 21.7328 0.372884
10 24 13 27 23.018 0.106127
10 25 13 28 24.0821 -0.0566793
10 26 13 29 21.8017 0.185301
10 27 13 30 20.3234 -0.851456
10 28 13 31 17.4125 -0.0764905
10 29 13 32 15.8415 0.158842
10 30 13 33 8.77397 -0.278782
10 31 13 34 8.72925 -0.062494
10 32 13 35 5.21689 -0.214452
10 33 13 36 4.93081 0.886552
10 34 13 37 6.04563 -0.341696
10 35 13 38 3.05339 -0.0713356
10 36 13 39 2.54064 0.771743
10 37 13 40 6.08209 -0.179812
10 38 13 41 6.06425 -0.337692
10 39 13 42 11.5817 -0.277206
10 40 13 43 12.5754 -0.57927
10 41 13 44 8.77923 -0.448105
10 42 13 45 14.4834 -0.604699
10 43 13 46 14.1498 -0.0233646
10 44 13 47 18.662 -0.0573375
10 45 13 48 21.0344 -0.0892744
10 46 13 49 23.4085 -0.0576697
10 47 13 50 19.9289 0.120298
10 48 13 51 18.9845 -1.16186
10 49 13 52 22.732 -0.300302
10 50 13 53 24.2566 -0.0216214
10 51 13 54 19.9568 -0.169381
10 52 13 55 19.7857 -0.957063
10 53 13 56 24.3421 0.00817596
11 12 14 15 1.33803 4.25068
11 13 14 16 2.78189 1.94582
11 14 14 17 6.51426 0.521199
11 15 14 18 6.10157 0.774698
11 16 14 19 10.5173 -0.186268
11 17 14 20 9.5429 -0.653358
11 18 14 21 14.6336 -0.089593
11 19 14 22 14.4574 -0.704317
11 20 14 23 17.8403 -0.167441
11 21 14 24 19.6465 -0.474736
11 22 14 25 21.2697 -0.777464
11 23 14 26 23.0715 -0.823467
11 24 14 27 23.6235 -0.654079
11 25 14 28 25.0812 -0.451908
11 26 14 29 22.127 -0.847776
11 27 14 30 20.326 1.1045
11 28 14 31 16.8502 -0.688379
11 29 14 32 14.6529 -0.995531
11 30 14 33 8.92742 -0.529218
11 31 14 34 6.54927 -0.74999
11 32 14 35 5.51513 -0.109487
11 33 14 36 2.39596 0.332929
11 34 14 37 3.4404 0.587514
11 35 14 38 2.03023 8.94903
11 36 14 39 5.01998 -0.482629
11 37 14 40 7.18676 -0.475765
11 38 14 41 9.43033 -0.333426
11 39 14 42 13.7487 -0.48105
11 40 14 43 13.7195 -0.357396
11 41 14 44 8.79228 -0.44609
11 42 14 45 14.417 0.119563
11 43 14 46 12.6116 -0.621075
11 44 14 47 17.853 -0.718436
11 45 14 48 20.486 -0.598715
11 46 14 49 22.6453 -0.683479
11 47 14 50 19.7074 -0.703089
11 48 14 51 18.9907 0.869319
11 49 14 52 22.7924 -0.777573
11 50 14 53 24.1681 -1.04694
11 51 14 54 20.9674 -0.609641
11 52 14 55 21.2319 0.647028
11 53 14 56 25.1775 -0.339893
12 13 15 16 1.29589 2.77351
12 14 15 17 3.62676 1.40303
12 15 15 18 6.35453 0.977542
12 16 15 19 9.77237 0.4291
12 17 15 20 11.347 -0.121035
12 18 15 21 15.723 -0.426363
12 19 15 22 15.9626 -0.139311
12 20 15 23 19.8005 -0.219147
12 21 15 24 20.7509 -0.0983667
12 22 15 25 23.1013 0.182207
12 23 15 26 24.5283 0.0411557
12 24 15 27 24.6211 -0.0261662
12 25 15 28 26.3055 -0.230424
12 26 15 29 23.2344 0.0432862
12 27 15 30 21.4122 -0.924703
12 28 15 31 17.7398 0.023104
12 29 15 32 14.9085 0.0243799
12 30 15 33 10.5881 -0.344404
12 31 15 34 6.57404 0.162828
12 32 15 35 6.12645 -0.230965
12 33 15 36 3.41341 0.21043
12 34 15 37 5.49591 -0.23897
12 35 15 38 6.01049 -0.24766
12 36 15 39 8.63318 0.123253
12 37 15 40 10.9166 -0.171906
12 38 15 41 12.991 -0.267322
12 39 15 42 17.1491 -0.0972659
12 40 15 43 16.231 -0.480161
12 41 15 44 11.4655 -0.776396
12 42 15 45 16.3207 -0.713158
12 43 15 46 14.8625 0.122429
12 44 15 47 19.2424 -0.0899009
12 45 15 48 21.3217 -0.0559108
12 46 15 49 23.6971 -0.00701594
12 47 15 50 21.8734 -0.0449424
12 48 15 51 20.8013 -1.03861
12 49 15 52 24.5092 -0.250207
12 50 15 53 26.4203 -0.137272
12 51 15 54 24.0179 -0.086342
12 52 15 55 23.8826 -0.974709
12 53 15 56 27.4238 -0.113455
13 14 16 17 1.29987 2.42061
13 15 16 18 2.42285 2.39346
13 16 16 19 6.88025 0.972402
13 17 16 20 7.92114 -0.0192764
13 18 16 21 12.6329 -0.0264095
13 19 16 22 13.6164 -0.201844
13 20 16 23 17.5698 -0.222408
13 21 16 24 18.5751 -0.376393
13 22 16 25 21.3267 -0.0305001
13 23 16 26 22.8153 -0.174367
13 24 16 27 22.361 0.00830528
13 25 16 28 24.1473 -0.164593
13 26 16 29 20.6919 0.0124286
13 27 16 30 18.5143 -0.861262
13 28 16 31 14.8457 -0.153108
13 29 16 32 11.9003 -0.00423942
13 30 16 33 8.66353 -0.237642
13 31 16 34 3.69644 0.802754
13 32 16 35 3.55082 -0.0330968
13 33 16 36 2.02551 0.503838
13 34 16 37 2.70362 0.0449346
13 35 16 38 5.3605 -0.230656
13 36 16 39 8.99663 0.0137656
13 37 16 40 9.16281 0.124331
13 38 16 41 11.7652 0.119415
13 39 16 42 15.5723 -0.20265
13 40 16 43 14.1994 -0.322042
13 41 16 44 8.61528 -0.219741
13 42 16 45 12.8506 -0.619231
13 43 16 46 10.7729 -0.141161
13 44 16 47 15.5754 0.00596575
13 45 16 48 17.9358 -0.273803
13 46 16 49 20.149 -0.17269
13 47 16 50 18.2012 -0.0502181
13 48 16 51 17.6171 -1.18017
13 49 16 52 21.2801 -0.259957
13 50 16 53 22.5852 -0.266997
13 51 16 54 21.1435 -0.351483
13 52 16 55 21.4117 -0.995831
13 53 16 56 24.5451 -0.114137
14 15 17 18 1.32591 2.64301
14 16 17 19 3.46979 1.27934
14 17 17 20 6.67066 0.547399
14 18 17 21 10.6978 0.0995681
14 19 17 22 11.5204 -0.339119
14 20 17 23 16.4034 -0.128086
14 21 17 24 15.5351 -0.0223969
14 22 17 25 19.669 -0.130652
14 23 17 26 19.7223 0.0928974
14 24 17 27 18.7521 0.0544661
14 25 17 28 21.2929 -0.00686456
14 26 17 29 18.1706 0.0927288
14 27 17 30 15.8099 -0.931735
14 28 17 31 12.367 0.222852
14 29 17 32 8.35585 0.216501
14 30 17 33 6.78239 -0.34215
14 31 17 34 2.49002 1.52004
14 32 17 35 3.27949 0.092766
14 33 17 36 3.81131 0.614501
14 34 17 37 5.93224 -0.0989701
14 35 17 38 8.27707 -0.281553
14 36 17 39 12.0339 0.38451
14 37 17 40 11.1174 -0.21532
14 38 17 41 12.8568 -0.251831
14 39 17 42 16.4929 0.0337173
14 40 17 43 13.6328 -0.808606
14 41 17 44 9.39874 -0.235839
14 42 17 45 11.5185 -0.648936
14 43 17 46 10.6354 0.221232
14 44 17 47 13.9348 0.0116817
14 45 17 48 15.3329 -0.00682078
14 46 17 49 17.4295 -0.187639
14 47 17 50 17.064 -0.35666
14 48 17 51 16.0528 -1.17151
14 49 17 52 19.4731 -0.137002
14 50 17 53 21.5811 0.34305
14 51 17 54 20.5773 -0.395473
14 52 17 55 20.7737 -1.23176
14 53 17 56 23.1815 0.00785697
15 16 18 19 1.31457 2.01499
15 17 18 20 2.60186 1.23178
15 18 18 21 6.79159 0.196385
15 19 18 22 8.78876 -0.215572
15 20 18 23 12.6446 -0.233329
15 21 18 24 14.1323 0.272092
15 22 18 25 17.1244 0.0811535
15 23 18 26 18.8236 -0.0957982
15 24 18 27 17.7649 0.0315246
15 25 18 28 19.3396 0.112502
15 26 18 29 15.4909 0.0829123
15 27 18 30 12.6268 -0.647575
15 28 18 31 9.37865 0.0228684
15 29 18 32 6.54026 0.105762
15 30 18 33 3.62742 0.0299702
15 31 18 34 2.77212 0.81274
15 32 18 35 1.73984 -0.325914
15 33 18 36 3.6082 0.424631
15 34 18 37 1.9574 0.114136
15 35 18 38 4.9872 -0.110688
15 36 18 39 8.09028 0.16232
15 37 18 40 6.94064 -0.232932
15 38 18 41 9.8688 -0.601186
15 39 18 42 12.5416 -0.0996929
15 40 18 43 10.177 -0.905843
15 41 18 44 5.72839 -0.431749
15 42 18 45 6.88922 -0.464296
15 43 18 46 5.27982 0.161695
15 44 18 47 9.11034 0.234547
15 45 18 48 11.314 -0.208386
15 46 18 49 13.5755 0.402801
15 47 18 50 12.1569 -0.226926
15 48 18 51 11.8374 -1.11875
15 49 18 52 15.2079 -0.275526
15 50 18 53 16.5391 -0.172177
15 51 18 54 16.1186 -0.0190825
15 52 18 55 16.8005 -1.22334
15 53 18 56 19.1261 -0.228616
16 17 19 20 1.3618 1.56469
16 18 19 21 4.64438 0.82924
16 19 19 22 7.20058 0.280306
16 20 19 23 11.1441 0.0854883
16 21 19 24 11.8231 0.290618
16 22 19 25 15.6336 -0.00958499
16 23 19 26 16.8833 0.32067
16 24 19 27 14.7857 0.214735
16 25 19 28 16.0136 0.18495
16 26 19 29 12.422 0.343356
16 27 19 30 9.15398 -0.932311
16 28 19 31 6.43189 0.410575
16 29 19 32 2.16194 0.986898
16 30 19 33 2.54772 -0.383256
16 31 19 34 2.21397 1.31046
16 32 19 35 3.3264 -0.122338
16 33 19 36 7.28426 -0.224521
16 34 19 37 7.72536 -0.484409
16 35 19 38 10.5109 0.00730385
16 36 19 39 13.3021 0.177255
16 37 19 40 10.0723 -0.0663792
16 38 19 41 11.536 -0.45879
16 39 19 42 12.5613 -0.149231
16 40 19 43 9.96505 -0.719902
16 41 19 44 6.865 -0.402391
16 42 19 45 5.39552 -0.373667
16 43 19 46 4.92988 0.224468
16 44 19 47 7.23538 0.209224
16 45 19 48 8.04133 -0.0423274
16 46 19 49 10.4093 0.445019
16 47 19 50 10.5345 -0.20222
16 48 19 51 9.75685 -1.21967
16 49 19 52 12.2708 -0.275819
16 50 19 53 14.9953 0.117478
16 51 19 54 14.7065 0.0105122
16 52 19 55 14.8894 -0.953881
16 53 19 56 16.6445 0.0455414
17 18 20 21 1.31883 1.80619
17 19 20 22 4.20405 0.72764
17 20 20 23 7.78802 0.357321
17 21 20 24 9.25843 0.473719
17 22 20 25 12.4843 0.302518
17 23 20 26 14.1578 -0.223614
17 24 20 27 12.5806 -0.422435
17 25 20 28 13.7392 0.149271
17 26 20 29 9.95444 -0.244741
17 27 20 30 6.94275 -0.574895
17 28 20 31 3.82213 -0.284151
17 29 20 32 2.1623 -0.0654477
17 30 20 33 1.97608 0.844754
17 31 20 34 3.70245 0.102369
17 32 20 35 2.61117 0.510467
17 33 20 36 6.35285 -0.00560363
17 34 20 37 5.16438 0.294023
17 35 20 38 6.95563 -0.732508
17 36 20 39 7.47943 0.103236
17 37 20 40 3.60855 0.374086
17 38 20 41 6.5123 0.182686
17 39 20 42 7.9384 0.215329
17 40 20 43 5.79811 -0.179348
17 41 20 44 1.94592 2.40682
17 42 20 45 2.89495 -0.436785
17 43 20 46 2.43667 2.012
17 44 20 47 5.45056 -0.491376
17 45 20 48 7.16135 -0.431573
17 46 20 49 9.66096 -0.443512
17 47 20 50 7.98959 -0.300005
17 48 20 51 6.7521 -0.76649
17 49 20 52 10.1585 -0.424503
17 50 20 53 12.5677 -0.320879
17 51 20 54 11.159 -0.545881
17 52 20 55 11.4805 -0.820684
17 53 20 56 13.7502 -0.230884
18 19 21 22 1.32922 1.5201
18 20 21 23 4.57863 1.94417
18 21 21 24 6.63103 1.42453
18 22 21 25 9.94618 -0.252392
18 23 21 26 11.973 -0.169921
18 24 21 27 9.50896 -0.0354468
18 25 21 28 9.59286 -0.0991787
18 26 21 29 6.04813 -0.242043
18 27 21 30 2.56299 1.02924
18 28 21 31 2.31279 -0.136746
18 29 21 32 2.38672 0.630379
18 30 21 33 2.79128 -0.148992
18 31 21 34 7.17323 -0.137544
18 32 21 35 6.56147 -0.299722
18 33 21 36 10.5304 -0.241548
18 34 21 37 10.5217 -0.258027
18 35 21 38 12.7291 -0.0940846
18 36 21 39 12.1123 -0.285621
18 37 21 40 8.22581 -0.226411
18 38 21 41 7.69605 -0.4292
18 39 21 42 6.64893 -0.131254
18 40 21 43 4.21654 0.928514
18 41 21 44 2.64183 -0.25764
18 42 21 45 1.87107 0.364131
18 43 21 46 3.50322 -0.487204
18 44 21 47 3.0014 -0.361558
18 45 21 48 2.62399 0.760541
18 46 21 49 5.21607 -0.322865
18 47 21 50 5.38641 -0.398201
18 48 21 51 2.88326 0.808905
18 49 21 52 5.96443 -0.409673
18 50 21 53 8.55477 -0.438886
18 51 21 54 8.26655 -0.414694
18 52 21 55 7.71199 0.519814
18 53 21 56 9.48078 -0.272995
19 20 22 23 1.34137 2.54901
19 21 22 24 2.46158 1.87801
19 22 22 25 4.60145 -0.00993081
19 23 22 26 5.73711 0.286904
19 24 22 27 6.30483 0.23907
19 25 22 28 7.54118 0.0136219
19 26 22 29 4.11276 -0.0576378
19 27 22 30 2.4055 -0.158981
19 28 22 31 1.83631 0.918109
19 29 22 32 2.7405 -0.0682256
19 30 22 33 2.1488 0.437112
19 31 22 34 6.2583 -0.313963
19 32 22 35 6.78508 -0.198619
19 33 22 36 10.1358 -0.390178
19 34 22 37 11.1871 -0.395023
19 35 22 38 12.5602 -0.837254
19 36 22 39 11.5676 -0.20036
19 37 22 40 8.83076 -0.0479438
19 38 22 41 7.62182 0.680511
19 39 22 42 6.24285 0.190203
19 40 22 43 2.62184 -0.234163
19 41 22 44 3.6382 0.912978
19 42 22 45 2.68779 -0.0237736
19 43 22 46 7.35453 -0.265192
19 44 22 47 6.94524 -0.364832
19 45 22 48 6.26706 -0.0561737
19 46 22 49 9.33489 -0.419333
19 47 22 50 8.08049 -0.160702
19 48 22 51 3.61243 -0.520305
19 49 22 52 6.81187 0.268806
19 50 22 53 9.89535 -0.367966
19 51 22 54 7.7779 0.016801
19 52 22 55 6.09227 -0.557319
19 53 22 56 8.78873 -0.00853749
20 21 23 24 1.33671 2.17597
20 22 23 25 2.37798 -0.0402113
20 23 23 26 5.43903 0.519747
20 24 23 27 5.77176 0.27097
20 25 23 28 2.38399 0.495106
20 26 23 29 3.16249 -0.155478
20 27 23 30 2.17797 2.12226
20 28 23 31 3.76701 -0.363132
20 29 23 32 7.4879 -0.45706
20 30 23 33 6.00995 -0.37697
20 31 23 34 11.0368 -0.223253
20 32 23 35 10.3965 -0.616127
20 33 23 36 13.8032 -0.455849
20 34 23 37 14.6193 -0.242546
20 35 23 38 15.4137 -0.154825
20 36 23 39 13.6938 -0.235657
20 37 23 40 10.6115 -0.627805
20 38 23 41 8.81236 -0.0356068
20 39 23 42 6.64306 -0.100237
20 40 23 43 1.83867 -0.0342263
20 41 23 44 5.15486 -0.742442
20 42 23 45 3.11295 0.390123
20 43 23 46 9.3451 -0.373742
20 44 23 47 8.28093 -0.604214
20 45 23 48 6.85659 -0.554673
20 46 23 49 8.51473 -0.319097
20 47 23 50 7.0632 -0.465363
20 48 23 51 3.1714 1.08214
20 49 23 52 3.70547 -0.630237
20 50 23 53 7.10635 -0.162675
20 51 23 54 5.72946 -0.234735
20 52 23 55 2.4779 1.14051
20 53 23 56 2.36822 0.252855
21 22 24 25 1.31779 0.802851
21 23 24 26 2.3775 0.687358
21 24 24 27 2.31224 1.10041
21 25 24 28 2.02578 0.425189
21 26 24 29 1.88824 0.387562
21 27 24 30 2.90688 0.831694
21 28 24 31 1.81508 2.59752
21 29 24 32 6.74019 -0.0529758
21 30 24 33 6.98214 -0.403602
21 31 24 34 10.6924 -0.214997
21 32 24 35 12.763 -0.556174
21 33 24 36 15.6376 -0.13187
21 34 24 37 17.1799 -0.728321
21 35 24 38 18.2607 -0.478684
21 36 24 39 16.6308 -0.392845
21 37 24 40 14.3948 -0.224672
21 38 24 41 11.906 -0.356463
21 39 24 42 10.6548 -0.246271
21 40 24 43 4.31316 -0.476236
21 41 24 44 9.17453 -0.0105088
21 42 24 45 6.96253 -0.212949
21 43 24 46 12.5185 -0.374705
21 44 24 47 10.4212 -0.332472
21 45 24 48 8.94096 -0.26464
21 46 24 49 11.345 -0.308891
21 47 24 50 10.6149 -0.354876
21 48 24 51 5.55438 0.132501
21 49 24 52 6.71113 -0.393204
21 50 24 53 10.6228 -0.492199
21 51 24 54 9.86938 -0.358464
21 52 24 55 6.31425 0.0721679
21 53 24 56 7.48014 -0.139434
22 23 25 26 1.3006 4.61061
22 24 25 27 3.11783 1.62855
22 25 25 28 3.00377 0.56166
22 26 25 29 4.48289 0.86701
22 27 25 30 6.61492 -0.656161
22 28 25 31 7.08094 0.0695637
22 29 25 32 10.8336 0.0685165
22 30 25 33 10.2851 -0.296055
22 31 25 34 14.0274 0.175381
22 32 25 35 14.8977 -0.226351
22 33 25 36 17.5905 0.188855
22 34 25 37 19.0611 -0.397416
22 35 25 38 19.4228 -0.275313
22 36 25 39 17.4057 0.11203
22 37 25 40 15.5042 -0.216527
22 38 25 41 12.3811 -0.210529
22 39 25 42 11.0151 0.155203
22 40 25 43 4.54184 -0.39864
22 41 25 44 10.5472 -0.265267
22 42 25 45 8.45137 -0.678425
22 43 25 46 15.202 0.126427
22 44 25 47 13.6795 -0.197434
22 45 25 48 12.2092 0.0844262
22 46 25 49 13.7504 -0.137851
22 47 25 50 12.576 0.144992
22 48 25 51 8.51121 -1.10987
22 49 25 52 8.3541 0.153839
22 50 25 53 11.9013 -0.134791
22 51 25 54 9.72271 0.0804031
22 52 25 55 5.64257 -0.86776
22 53 25 56 6.38522 0.260374
23 24 26 27 1.32044 2.34678
23 25 26 28 3.05464 0.831492
23 26 26 29 5.378 0.738055
23 27 26 30 8.39449 -0.448837
23 28 26 31 6.90574 0.391272
23 29 26 32 11.8144 0.343394
23 30 26 33 11.5654 -0.161721
23 31 26 34 15.0945 0.209454
23 32 26 35 16.8975 -0.276956
23 33 26 36 19.393 -0.046995
23 34 26 37 21.0894 -0.37848
23 35 26 38 21.6164 -0.353993
23 36 26 39 19.7609 -0.156633
23 37 26 40 18.1204 -0.0980439
23 38 26 41 14.8886 -0.504935
23 39 26 42 14.0956 0.000420053
23 40 26 43 7.32037 -0.782559
23 41 26 44 13.2901 -0.415159
23 42 26 45 11.2513 -0.960528
23 43 26 46 17.6351 -0.0641233
23 44 26 47 15.8451 -0.105806
23 45 26 48 14.4363 -0.0978734
23 46 26 49 16.4922 0.396053
23 47 26 50 15.3303 0.0992332
23 48 26 51 10.7568 -1.08384
23 49 26 52 10.7531 -0.0624602
23 50 26 53 14.9317 0.0424269
23 51 26 54 13.3381 0.173356
23 52 26 55 8.99963 -0.876662
23 53 26 56 9.46056 0.0907291
24 25 27 28 1.3288 1.03203
24 26 27 29 2.68976 1.94223
24 27 27 30 5.81297 0.259
24 28 27 31 3.51291 2.39769
24 29 27 32 9.12644 0.334339
24 30 27 33 10.7793 -0.635883
24 31 27 34 14.3002 0.593965
24 32 27 35 16.7316 -0.439166
24 33 27 36 19.6778 -0.0622157
24 34 27 37 21.1954 -0.217648
24 35 27 38 22.6385 -0.128803
24 36 27 39 21.0632 0.231773
24 37 27 40 18.9921 -0.443825
24 38 27 41 16.306 -0.452825
24 39 27 42 15.2643 -0.0385634
24 40 27 43 8.49729 -0.628797
24 41 27 44 13.686 -0.358757
24 42 27 45 11.6584 -0.643487
24 43 27 46 16.5714 0.0357264
24 44 27 47 14.1119 -0.404717
24 45 27 48 11.543 0.284684
24 46 27 49 14.386 0.199958
24 47 27 50 14.4894 -0.185786
24 48 27 51 9.66667 -0.975781
24 49 27 52 7.5394 -0.231584
24 50 27 53 13.5303 0.0109821
24 51 27 54 13.4564 -0.285142
24 52 27 55 9.57455 -0.741393
24 53 27 56 8.54808 0.194954
25 26 28 29 1.30515 1.24931
25 27 28 30 4.57151 0.732142
25 28 28 31 6.27802 0.876572
25 29 28 32 10.9623 0.352781
25 30 28 33 12.5574 -0.398295
25 31 28 34 16.3073 0.364249
25 32 28 35 17.9729 0.149537
25 33 28 36 21.0043 -0.408213
25 34 28 37 22.4028 -0.336729
25 35 28 38 23.3961 0.0746416
25 36 28 39 21.6752 0.435835
25 37 28 40 19.2743 -0.198267
25 38 28 41 16.7471 -0.339061
25 39 28 42 14.5582 0.084554
25 40 28 43 8.61887 -0.529504
25 41 28 44 13.8412 -0.127323
25 42 28 45 10.6221 -0.531795
25 43 28 46 15.8441 0.0158639
25 44 28 47 12.412 0.266191
25 45 28 48 9.53797 -0.00342176
25 46 28 49 11.1973 0.387069
25 47 28 50 11.6581 -0.037948
25 48 28 51 8.27028 -0.793911
25 49 28 52 3.70489 0.164568
25 50 28 53 9.74846 -0.326162
25 51 28 54 10.3259 0.168137
25 52 28 55 6.26511 -0.467059
25 53 28 56 4.95907 0.902703
26 27 29 30 1.30083 0.517902
26 28 29 31 2.91262 0.96548
26 29 29 32 7.31847 0.414772
26 30 29 33 9.08399 -0.134131
26 31 29 34 13.0827 0.772093
26 32 29 35 14.4115 -0.00679203
26 33 29 36 17.8426 -0.143769
26 34 29 37 18.9414 -0.212359
26 35 29 38 20.4983 -0.28694
26 36 29 39 19.1969 0.232964
26 37 29 40 16.1946 -0.100444
26 38 29 41 14.6433 -0.225708
26 39 29 42 12.4198 -0.000802005
26 40 29 43 7.01551 0.358403
26 41 29 44 10.6448 -0.242947
26 42 29 45 8.28911 -0.664743
26 43 29 46 12.7447 0.0165028
26 44 29 47 9.75791 -0.327962
26 45 29 48 7.14324 0.374192
26 46 29 49 9.64107 0.180809
26 47 29 50 10.094 -0.304944
26 48 29 51 5.61298 -0.833924
26 49 29 52 3.52238 0.284118
26 50 29 53 9.08481 0.221756
26 51 29 54 9.99813 -0.199601
26 52 29 55 6.82537 -0.700836
26 53 29 56 5.71835 0.688018
27 28 30 31 1.31644 0.678162
27 29 30 32 4.62477 -0.411811
27 30 30 33 7.3555 -0.135838
27 31 30 34 11.1848 -0.442638
27 32 30 35 12.0066 -0.405988
27 33 30 36 15.9546 -0.794797
27 34 30 37 16.3884 -0.260407
27 35 30 38 18.4402 -0.00854515
27 36 30 39 17.5408 -0.791772
27 37 30 40 13.6598 -0.698939
27 38 30 41 12.6251 -0.570062
27 39 30 42 9.95047 -0.299461
27 40 30 43 6.33476 1.26942
27 41 30 44 8.0282 -0.908761
27 42 30 45 5.25246 2.06857
27 43 30 46 8.27283 -0.848496
27 44 30 47 5.4006 0.25287
27 45 30 48 3.52449 -0.505733
27 46 30 49 6.19089 -0.32032
27 47 30 50 6.04586 -0.141128
27 48 30 51 2.0218 3.23463
27 49 30 52 2.76327 -0.416035
27 50 30 53 6.13108 -0.457835
27 51 30 54 6.39559 -0.273102
27 52 30 55 4.52539 3.10408
27 53 30 56 5.56803 0.191996
28 29 31 32 1.34076 0.681861
28 30 31 33 3.75682 -0.731037
28 31 31 34 7.48797 1.47426
28 32 31 35 9.00372 -0.0452333
28 33 31 36 12.6082 0.34668
28 34 31 37 13.5052 -0.460918
28 35 31 38 15.7322 -0.157099
28 36 31 39 15.5611 -0.291861
28 37 31 40 12.3946 -0.517595
28 38 31 41 11.9687 -0.458165
28 39 31 42 10.8987 -0.0127845
28 40 31 43 6.73251 -0.667821
28 41 31 44 6.97566 -0.321918
28 42 31 45 6.27727 -0.563981
28 43 31 46 8.7862 0.047144
28 44 31 47 7.98822 -0.0748654
28 45 31 48 6.28037 0.550951
28 46 31 49 9.30617 0.287824
28 47 31 50 9.77262 0.190094
28 48 31 51 4.82614 -0.981436
28 49 31 52 6.65709 0.0656467
28 50 31 53 10.586 0.0302155
28 51 31 54 10.2964 -0.0272186
28 52 31 55 7.91044 -0.898971
28 53 31 56 9.59308 0.109752
29 30 32 33 1.32948 4.09341
29 31 32 34 4.69962 1.11212
29 32 32 35 7.02164 0.337905
29 33 32 36 10.8106 0.0471507
29 34 32 37 11.9749 -0.0457415
29 35 32 38 14.4699 -0.365662
29 36 32 39 15.2712 0.208443
29 37 32 40 12.289 0.111844
29 38 32 41 12.3917 -0.335657
29 39 32 42 11.9758 -0.291635
29 40 32 43 8.55667 -0.434304
29 41 32 44 7.4616 -0.130289
29 42 32 45 6.50144 -0.745232
29 43 32 46 7.16603 0.0633575
29 44 32 47 6.90588 -0.00351147
29 45 32 48 5.75945 0.283802
29 46 32 49 8.8629 -0.0339489
29 47 32 50 10.3725 -0.0512268
29 48 32 51 7.67762 -0.912566
29 49 32 52 9.48305 0.137762
29 50 32 53 13.0176 0.0123521
29 51 32 54 12.9417 0.132212
29 52 32 55 11.6405 -0.896224
29 53 32 56 13.277 0.0234119
30 31 33 34 1.29944 0.587347
30 32 33 35 2.719 1.71489
30 33 33 36 4.66106 1.08736
30 34 33 37 6.25595 1.38185
30 35 33 38 7.69608 -0.099698
30 36 33 39 7.80236 0.129088
30 37 33 40 5.39548 0.946281
30 38 33 41 4.99882 1.13859
30 39 33 42 7.1601 0.201499
30 40 33 43 3.63881 0.325181
30 41 33 44 2.52693 1.18921
30 42 33 45 3.55782 0.236598
30 43 33 46 7.04626 0.570749
30 44 33 47 8.35052 -0.577571
30 45 33 48 9.00107 -0.308785
30 46 33 49 11.8337 -0.453605
30 47 33 50 9.78962 -0.36081
30 48 33 51 7.16756 -0.679831
30 49 33 52 10.9156 -0.35988
30 50 33 53 13.089 -0.395747
30 51 33 54 10.814 -0.531503
30 52 33 55 10.1996 -0.406942
30 53 33 56 13.2544 0.0416628
31 32 34 35 1.31867 0.608248
31 33 34 36 3.87209 0.791148
31 34 34 37 5.90634 -0.00928325
31 35 34 38 8.05595 -0.212377
31 36 34 39 10.1001 -0.0318425
31 37 34 40 8.44773 0.190321
31 38 34 41 9.16761 0.0726776
31 39 34 42 12.4987 0.0528704
31 40 34 43 9.14977 -0.505527
31 41 34 44 6.67767 -0.0782736
31 42 34 45 9.21507 -0.894665
31 43 34 46 9.86379 0.0843195
31 44 34 47 12.2061 -0.251734
31 45 34 48 12.7524 0.356137
31 46 34 49 15.7124 0.0320477
31 47 34 50 14.8655 -0.166841
31 48 34 51 12.2678 -1.32095
31 49 34 52 15.5471 -0.355891
31 50 34 53 18.2237 0.0198643
31 51 34 54 16.7767 -0.0361034
31 52 34 55 15.8546 -1.17634
31 53 34 56 18.4866 0.317484
32 33 35 36 1.32545 1.4141
32 34 35 37 2.76044 2.99665
32 35 35 38 2.74851 0.0909743
32 36 35 39 3.51626 0.594612
32 37 35 40 2.25295 1.91059
32 38 35 41 4.5696 1.02033
32 39 35 42 8.50189 -0.167283
32 40 35 43 7.02164 0.338623
32 41 35 44 2.65133 0.94673
32 42 35 45 6.79184 -0.582181
32 43 35 46 5.69874 -0.0865898
32 44 35 47 10.327 -0.320144
32 45 35 48 12.4921 -0.120041
32 46 35 49 14.9331 -0.366093
32 47 35 50 12.5778 -0.270435
32 48 35 51 11.0806 -0.799305
32 49 35 52 14.8799 -0.288839
32 50 35 53 16.9483 -0.211266
32 51 35 54 14.6369 -0.357233
32 52 35 55 14.3186 -0.723158
32 53 35 56 17.577 0.0618655
33 34 36 37 1.28182 3.51279
33 35 36 38 3.08972 1.1013
33 36 36 39 6.89471 0.760498
33 37 36 40 6.22393 0.23298
33 38 36 41 7.78052 -0.00912444
33 39 36 42 11.6836 0.115608
33 40 36 43 10.0429 -0.37639
33 41 36 44 5.83902 -0.0303022
33 42 36 45 10.7615 -0.550589
33 43 36 46 10.8407 0.101924
33 44 36 47 14.4892 -0.331418
33 45 36 48 16.5204 0.0839491
33 46 36 49 18.895 0.0349829
33 47 36 50 16.6342 0.0446182
33 48 36 51 15.1235 -1.03051
33 49 36 52 18.9363 -0.0340495
33 50 36 53 20.9561 -0.241472
33 51 36 54 18.1124 -0.138559
33 52 36 55 17.6753 -0.907468
33 53 36 56 21.3409 -0.239445
34 35 37 38 1.29667 0.667249
34 36 37 39 4.56758 0.370459
34 37 37 40 5.40242 1.30647
34 38 37 41 7.87739 1.12287
34 39 37 42 11.7328 -0.091651
34 40 37 43 10.73 0.408993
34 41 37 44 5.19602 0.59346
34 42 37 45 10.5709 -0.299349
34 43 37 46 8.18588 -0.303305
34 44 37 47 13.771 -0.130033
34 45 37 48 16.3326 -0.228728
34 46 37 49 18.5229 -0.622262
34 47 37 50 15.9092 -0.412332
34 48 37 51 15.0682 -0.580641
34 49 37 52 18.8504 -0.257307
34 50 37 53 20.1834 -0.316542
34 51 37 54 17.8262 -0.474911
34 52 37 55 18.0519 -0.292513
34 53 37 56 21.5881 0.153421
35 36 38 39 1.31177 0.931571
35 37 38 40 3.17042 0.403448
35 38 38 41 6.32909 0.533155
35 39 38 42 10.0654 0.852294
35 40 38 43 11.0408 0.252525
35 41 38 44 6.54323 0.222153
35 42 38 45 12.0557 0.402825
35 43 38 46 9.73823 0.0703395
35 44 38 47 15.6525 -0.200654
35 45 38 48 18.5161 -0.301951
35 46 38 49 20.5969 -0.209528
35 47 38 50 16.7538 -0.316339
35 48 38 51 16.7484 0.208027
35 49 38 52 20.496 -0.377871
35 50 38 53 21.2743 -0.500742
35 51 38 54 17.649 -0.403883
35 52 38 55 18.1074 -0.361208
35 53 38 56 22.3435 -0.202019
36 37 39 40 1.2819 0.883895
36 38 39 41 3.31204 0.576828
36 39 39 42 7.0584 0.64876
36 40 39 43 8.48277 0.486671
36 41 39 44 5.69731 0.319759
36 42 39 45 10.9624 -0.0356802
36 43 39 46 10.567 0.447552
36 44 39 47 15.2255 -0.121589
36 45 39 48 17.9957 -0.0958515
36 46 39 49 19.8859 0.220196
36 47 39 50 15.5632 0.00626449
36 48 39 51 15.5907 -0.81671
36 49 39 52 19.0664 -0.205438
36 50 39 53 19.9404 0.0417162
36 51 39 54 15.2804 0.038483
36 52 39 55 15.728 -0.914281
36 53 39 56 20.3214 0.00884387
37 38 40 41 1.30719 2.17941
37 39 40 42 4.59144 0.178713
37 40 40 43 6.2199 1.41062
37 41 40 44 2.73337 1.4764
37 42 40 45 6.62335 0.158833
37 43 40 46 7.17068 0.104215
37 44 40 47 10.8505 0.0255778
37 45 40 48 13.7154 -0.0604854
37 46 40 49 15.411 -0.153826
37 47 40 50 11.164 -0.431917
37 48 40 51 11.2994 -0.611625
37 49 40 52 14.7652 -0.043167
37 50 40 53 15.5736 -0.293008
37 51 40 54 11.4644 -0.553268
37 52 40 55 12.4257 -0.753765
37 53 40 56 16.5187 -0.231648
38 39 41 42 1.33996 1.17106
38 40 41 43 3.13726 2.19656
38 41 41 44 2.53884 2.29784
38 42 41 45 6.23091 0.400865
38 43 41 46 8.8422 -0.123672
38 44 41 47 10.7674 -0.22694
38 45 41 48 13.0476 -0.0356284
38 46 41 49 14.369 -0.0280264
38 47 41 50 10.3011 -0.295251
38 48 41 51 9.96779 -0.524538
38 49 41 52 13.2126 -0.10183
38 50 41 53 13.9653 -0.337445
38 51 41 54 9.11248 -0.491947
38 52 41 55 9.90559 -0.603979
38 53 41 56 14.3448 -0.409531
39 40 42 43 1.28783 2.98143
39 41 42 44 2.15872 0.995027
39 42 42 45 3.96575 -0.110157
39 43 42 46 7.741 0.30318
39 44 42 47 9.18152 0.113026
39 45 42 48 10.8044 -0.140865
39 46 42 49 11.5168 0.179346
39 47 42 50 7.61013 0.228556
39 48 42 51 6.86083 -0.808905
39 49 42 52 10.0441 0.0998313
39 50 42 53 10.661 -0.20151
39 51 42 54 5.5898 0.119712
39 52 42 55 6.48353 -0.571391
39 53 42 56 10.8265 0.0418126
40 41 43 44 1.27533 3.38004
40 42 43 45 2.37307 1.85691
40 43 43 46 7.91379 -0.481991
40 44 43 47 9.00859 0.0186346
40 45 43 48 9.03069 -0.409559
40 46 43 49 10.9144 -0.657295
40 47 43 50 7.8796 -0.677689
40 48 43 51 5.01652 1.41993
40 49 43 52 8.19044 -0.56248
40 50 43 53 10.1574 -0.909328
40 51 43 54 5.91415 -0.77457
40 52 43 55 4.59686 1.16207
40 53 43 56 8.62493 -0.387477
41 42 44 45 1.33229 0.679983
41 43 44 46 4.46873 0.428367
41 44 44 47 6.05645 -0.172072
41 45 44 48 8.29254 -0.217155
41 46 44 49 10.0957 -0.335659
41 47 44 50 6.23185 -0.0663779
41 48 44 51 5.77787 -0.62261
41 49 44 52 9.34163 -0.504007
41 50 44 53 10.4827 -0.11599
41 51 44 54 6.71933 -0.0763077
41 52 44 55 6.9651 -0.847369
41 53 44 56 10.8889 -0.481502
42 43 45 46 1.31557 1.38776
42 44 45 47 2.42067 1.5574
42 45 45 48 4.59129 0.478607
42 46 45 49 5.92411 0.3878
42 47 45 50 2.08069 0.240588
42 48 45 51 2.60613 2.49832
42 49 45 52 5.81527 -0.462818
42 50 45 53 5.98347 -0.107391
42 51 45 54 2.79973 -0.27113
42 52 45 55 3.24952 1.9391
42 53 45 56 6.87293 -0.172328
43 44 46 47 1.33015 1.23076
43 45 46 48 4.49158 0.898066
43 46 46 49 6.10223 0.772057
43 47 46 50 3.97837 1.15075
43 48 46 51 5.57686 -0.0595568
43 49 46 52 8.40025 0.185818
43 50 46 53 8.26606 0.308648
43 51 46 54 7.91649 0.276472
43 52 46 55 10.3765 -0.880148
43 53 46 56 12.1334 0.339775
44 45 47 48 1.2969 1.43738
44 46 47 49 2.42663 1.957
44 47 47 50 2.17771 2.09999
44 48 47 51 2.16995 1.20401
44 49 47 52 4.45036 0.367427
44 50 47 53 4.79183 0.261787
44 51 47 54 6.85694 -0.122352
44 52 47 55 8.10602 0.410905
44 53 47 56 9.19872 -0.0826961
45 46 48 49 1.32435 1.42533
45 47 48 50 3.23526 0.796676
45 48 48 51 2.31735 0.717891
45 49 48 52 1.85801 2.94358
45 50 48 53 4.04684 0.0522962
45 51 48 54 5.83647 -0.022414
45 52 48 55 6.69902 -0.395591
45 53 48 56 6.89839 0.254273
46 47 49 50 1.32364 1.21845
46 48 49 51 2.98844 1.36509
46 49 49 52 2.70554 1.0254
46 50 49 53 1.85837 1.17459
46 51 49 54 4.11253 -0.0253223
46 52 49 55 6.07371 -0.272797
46 53 49 56 6.48382 0.268612
47 48 50 51 1.32336 2.48358
47 49 50 52 3.24918 1.01928
47 50 50 53 2.65293 1.58284
47 51 50 54 1.98266 0.841185
47 52 50 55 4.17893 0.255842
47 53 50 56 5.72483 -0.186651
48 49 51 52 1.33252 3.3169
48 50 51 53 3.24223 2.50513
48 51 51 54 2.63711 0.37008
48 52 51 55 1.91589 4.33463
48 53 51 56 3.18789 -0.0467485
49 50 52 53 1.28646 1.56668
49 51 52 54 2.92235 0.537112
49 52 52 55 3.13482 0.820298
49 53 52 56 1.95026 1.29071
50 51 53 54 1.33611 1.95538
50 52 53 55 3.44798 2.36392
50 53 53 56 3.88685 0.349714
51 52 54 55 1.33761 8.38793
51 53 54 56 3.46812 0.219348
52 53 55 56 1.27819 0.323211
